   trade_date  dailyRet
0    20220104  0.021507
1    20220105 -0.008255
2    20220106  0.011765
3    20220107 -0.009160
4    20220110  0.010843
..        ...       ...
16   20230627  0.023117
17   20230628  0.002644
18   20230629  0.005294
19   20230630  0.012781
20   20230703  0.008823

[361 rows x 2 columns]
   trade_date  dailyRet
0    20220104  0.017799
1    20220105 -0.009043
2    20220106  0.012248
3    20220107 -0.012436
4    20220110  0.013034
..        ...       ...
16   20230627  0.019260
17   20230628  0.002833
18   20230629  0.009387
19   20230630  0.011997
20   20230703  0.005182

[361 rows x 2 columns]
   trade_date  dailyRet
0    20220104  0.014174
1    20220105 -0.010798
2    20220106  0.010631
3    20220107 -0.015380
4    20220110  0.010300
..        ...       ...
16   20230627  0.018251
17   20230628 -0.001275
18   20230629  0.008061
19   20230630  0.013423
20   20230703  0.004862

[361 rows x 2 columns]
   trade_date  dailyRet
0    20220104  0.015675
1    20220105 -0.016736
2    20220106  0.013131
3    20220107 -0.017655
4    20220110  0.011490
..        ...       ...
16   20230627  0.017876
17   20230628 -0.001523
18   20230629  0.010804
19   20230630  0.015068
20   20230703  0.005247

[361 rows x 2 columns]
   trade_date  dailyRet
0    20220104  0.014357
1    20220105 -0.017174
2    20220106  0.011068
3    20220107 -0.013798
4    20220110  0.006535
..        ...       ...
16   20230627  0.021046
17   20230628 -0.003751
18   20230629  0.009498
19   20230630  0.015348
20   20230703  0.007188

[361 rows x 2 columns]
   trade_date  dailyRet
0    20220104  0.008793
1    20220105 -0.017588
2    20220106  0.013221
3    20220107 -0.019692
4    20220110  0.009662
..        ...       ...
16   20230627  0.017033
17   20230628 -0.003389
18   20230629  0.013627
19   20230630  0.012731
20   20230703  0.003646

[361 rows x 2 columns]
   trade_date  dailyRet
0    20220104  0.004365
1    20220105 -0.018020
2    20220106  0.012902
3    20220107 -0.026981
4    20220110  0.008853
..        ...       ...
16   20230627  0.021288
17   20230628 -0.003631
18   20230629  0.012790
19   20230630  0.015939
20   20230703  0.005303

[361 rows x 2 columns]
   trade_date  dailyRet
0    20220104  0.011222
1    20220105 -0.023149
2    20220106  0.013410
3    20220107 -0.024667
4    20220110  0.008768
..        ...       ...
16   20230627  0.016214
17   20230628 -0.009425
18   20230629  0.012604
19   20230630  0.015331
20   20230703  0.001127

[361 rows x 2 columns]
   trade_date  dailyRet
0    20220104  0.014439
1    20220105 -0.024023
2    20220106  0.010095
3    20220107 -0.027750
4    20220110  0.007663
..        ...       ...
16   20230627  0.016026
17   20230628 -0.010670
18   20230629  0.008470
19   20230630  0.008871
20   20230703 -0.002673

[361 rows x 2 columns]
   trade_date  dailyRet
0    20220104  0.017400
1    20220105 -0.013662
2    20220106  0.005232
3    20220107 -0.022660
4    20220110  0.006506
..        ...       ...
16   20230627  0.020826
17   20230628 -0.012436
18   20230629  0.010642
19   20230630  0.008567
20   20230703  0.002586

[361 rows x 2 columns]
    trade_date  dailyRet
0     20220104  0.004107
1     20220105  0.005406
2     20220106  0.006533
3     20220107  0.013500
4     20220110  0.004337
..         ...       ...
407   20230627  0.002292
408   20230628  0.015080
409   20230629 -0.005348
410   20230630  0.004214
411   20230703  0.006237

[361 rows x 2 columns]
