   trade_date  dailyRet
0    20210104  0.027231
1    20210105  0.008825
2    20210106 -0.005381
3    20210107 -0.013569
4    20210108 -0.002850
..        ...       ...
11   20230616  0.007423
12   20230619  0.000032
13   20230620 -0.003714
14   20230621 -0.016096
15   20230626 -0.015733

[599 rows x 2 columns]
   trade_date  dailyRet
0    20210104  0.017097
1    20210105 -0.000145
2    20210106 -0.009679
3    20210107 -0.015162
4    20210108  0.000510
..        ...       ...
11   20230616  0.006387
12   20230619 -0.000358
13   20230620 -0.002278
14   20230621 -0.014030
15   20230626 -0.016294

[599 rows x 2 columns]
   trade_date  dailyRet
0    20210104  0.015505
1    20210105  0.004870
2    20210106 -0.013197
3    20210107 -0.018172
4    20210108  0.000829
..        ...       ...
11   20230616  0.007638
12   20230619 -0.000859
13   20230620 -0.002538
14   20230621 -0.013331
15   20230626 -0.018101

[599 rows x 2 columns]
   trade_date  dailyRet
0    20210104  0.015889
1    20210105  0.000479
2    20210106 -0.013179
3    20210107 -0.020356
4    20210108 -0.002013
..        ...       ...
11   20230616  0.007979
12   20230619 -0.000436
13   20230620 -0.002203
14   20230621 -0.014532
15   20230626 -0.017050

[599 rows x 2 columns]
   trade_date  dailyRet
0    20210104  0.017666
1    20210105  0.004590
2    20210106 -0.009614
3    20210107 -0.015637
4    20210108 -0.001349
..        ...       ...
11   20230616  0.007691
12   20230619 -0.001557
13   20230620 -0.004067
14   20230621 -0.012655
15   20230626 -0.016339

[599 rows x 2 columns]
   trade_date  dailyRet
0    20210104  0.016023
1    20210105  0.004126
2    20210106 -0.008063
3    20210107 -0.018445
4    20210108  0.000798
..        ...       ...
11   20230616  0.006195
12   20230619  0.000439
13   20230620 -0.002783
14   20230621 -0.014277
15   20230626 -0.015816

[599 rows x 2 columns]
   trade_date  dailyRet
0    20210104  0.015864
1    20210105 -0.000620
2    20210106 -0.005730
3    20210107 -0.021700
4    20210108  0.001289
..        ...       ...
11   20230616  0.008208
12   20230619 -0.000739
13   20230620 -0.003530
14   20230621 -0.015146
15   20230626 -0.018965

[599 rows x 2 columns]
   trade_date  dailyRet
0    20210104  0.013702
1    20210105  0.002376
2    20210106 -0.008687
3    20210107 -0.016041
4    20210108  0.003534
..        ...       ...
11   20230616  0.008220
12   20230619 -0.000064
13   20230620 -0.002254
14   20230621 -0.017804
15   20230626 -0.016522

[599 rows x 2 columns]
   trade_date  dailyRet
0    20210104  0.012377
1    20210105  0.005123
2    20210106 -0.002256
3    20210107 -0.013905
4    20210108  0.002390
..        ...       ...
11   20230616  0.006791
12   20230619 -0.001363
13   20230620 -0.002927
14   20230621 -0.017609
15   20230626 -0.017665

[599 rows x 2 columns]
   trade_date  dailyRet
0    20210104  0.005441
1    20210105 -0.005163
2    20210106 -0.017921
3    20210107 -0.025663
4    20210108  0.006483
..        ...       ...
11   20230616  0.010175
12   20230619  0.001621
13   20230620 -0.002182
14   20230621 -0.017938
15   20230626 -0.020764

[599 rows x 2 columns]
    trade_date  dailyRet
0     20210104  0.021790
1     20210105  0.013988
2     20210106  0.012540
3     20210107  0.012094
4     20210108 -0.009333
..         ...       ...
681   20230616 -0.002752
682   20230619 -0.001588
683   20230620 -0.001532
684   20230621  0.001842
685   20230626  0.005031

[599 rows x 2 columns]
